"movie_id","language_id"
295,1
296,1
297,1
298,1
299,1
